1
5
6
7
14
20
21
22
28
34
43
45
48
49
53
55
59
61
66
71
79
84
109
121
123
136
142
151
166
168
178
180
184
198
201
202
203
215
216
218
233
234
238
250
253
274
280
281
284
288
293
302
304
310
331
351
352
362
363
364
369
372
379
386
406
411
412
422
427
432
439
440
442
481
482
488
507
508
518
520
523
538
541
549
554
564
570
577
582
583
587
599
605
618
621
623
626
640
641
644
647
653
654
665
672
679
682
683
694
711
726
737
742
743
746
747
751
766
788
789
791
798
799
800
802
813
814
817
834
840
849
862
866
900
906
920
936
943
944
947
975
979
984
992
994
1009
1015
1019
1023
1025
1028
1031
1037
1040
1041
1044
1048
1052
1058
1059
1069
1072
1076
1080
1084
1087
1111
1117
1119
1122
1130
1178
1185
1190
1193
1200
1207
1208
1213
1219
1222
1228
1233
1234
1252
1254
1255
1262
1272
1281
1284
1290
1296
1297
1298
1311
1318
1331
1333
1335
1351
1353
1354
1357
1366
1368
1376
1377
1385
1393
1399
1428
1459
1461
1467
1473
1476
1498
1503
1524
1535
1536
1544
1548
1553
1559
1574
1576
1579
1582
1583
1585
1587
1588
1607
1628
1630
1633
1643
1653
1696
1698
1707
1708
1712
1713
1715
1723
1724
1729
1737
1738
1744
1753
1763
1773
1783
1788
1793
1796
1797
1800
1804
1811
1814
1815
1819
1821
1843
1845
1856
1863
1873
1879
1887
1889
1891
1896
1899
1910
1911
1920
1926
1933
1944
1959
1963
1964
1971
1990
1993
1995
1997
2002
2003
2005
2008
2018
2022
2036
2040
2058
2067
2075
2089
2102
2103
2114
2129
2139
2141
2150
2151
2154
2159
2161
2165
2167
2168
2171
2177
2178
2196
2198
2211
2213
2216
2222
2226
2227
2228
2231
2237
2250
2251
2257
2264
2265
2275
2277
2282
2288
2293
2300
2302
2303
2309
2322
2324
2342
2360
2371
2376
2379
2384
2399
2408
2421
2432
2449
2486
2487
2490
2500
2506
2517
2519
2525
2528
2532
2534
2537
2543
2569
2577
2580
2583
2587
2588
2592
2599
2601
2604
2610
2615
2622
2625
2629
2632
2634
2642
2653
2666
2675
2676
2677
2680
2682
2685
2698
2727
2730
2743
2745
2754
2757
2761
2766
2769
2774
2799
2800
2803
2810
2817
2821
2841
2849
2852
2862
2869
2881
2890
2899
2910
2913
2916
2919
2932
2933
2937
2944
2963
2969
2970
2971
2972
2973
2974
2982
2984
2988
2990
2992
2999
3000
3006
3012
3016
3020
3023
3032
3049
3063
3069
3081
3082
3098
3100
3109
3115
3121
3125
3135
3140
3153
3168
3171
3172
3176
3192
3196
3206
3209
3224
3230
3232
3248
3263
3269
3273
3318
3320
3322
3333
3341
3380
3386
3387
3393
3406
3407
3416
3427
3438
3443
3459
3465
3472
3519
3525
3549
3556
3558
3559
3564
3571
3578
3584
3593
3599
3626
3634
3649
3660
3670
3674
3679
3681
3689
3692
3705
3715
3716
3717
3741
3744
3761
3766
3772
3792
3814
3824
3828
3840
3848
3857
3859
3860
3864
3871
3873
3874
3894
3900
3903
3907
3915
3916
3920
3936
3947
3964
3965
3990
3998
4004
4006
4008
4015
4018
4025
4028
4033
4038
4042
4049
4051
4053
4059
4062
4066
4069
4073
4096
4112
4116
4120
4140
4145
4150
4153
4177
4183
4201
4206
4211
4215
4227
4240
4243
4248
4251
4255
4259
4262
4270
4272
4274
4284
4285
4293
4298
4313
4318
4327
4331
4340
4344
4363
4369
4375
4381
4395
4400
4401
4414
4418
4428
4430
4432
4452
4465
4474
4475
4481
4490
4495
4515
4527
4530
4544
4570
4573
4575
4576
4581
4585
4594
4596
4608
4622
4631
4646
4647
4667
4680
4682
4689
4700
4702
4705
4717
4727
4741
4742
4743
4746
4748
4754
4768
4787
4792
4795
4797
4801
4821
4838
4853
4863
4866
4868
4870
4872
4883
4892
4902
4910
4914
4930
4949
4952
4961
4988
4992
5000
5011
5016
5025
5040
5059
5067
5071
5072
5089
5090
5091
5099
5102
5106
5108
5109
5117
5118
5121
5128
5147
5157
5166
5170
5178
5198
5210
5211
5220
5226
5231
5233
5235
5236
5239
5263
5275
5292
5295
5312
5318
5324
5325
5336
5337
5339
5345
5350
5381
5386
5391
5392
5400
5418
5422
5430
5433
5439
5445
5448
5455
5477
5483
5494
5512
5522
5540
5542
5555
5560
5566
5573
5574
5587
5589
5603
5616
5618
5620
5643
5645
5658
5666
5681
5697
5717
5738
5740
5748
5751
5760
5788
5802
5806
5825
5826
5844
5850
5851
5853
5855
5856
5867
5868
5876
5883
5887
5901
5906
5910
5928
5932
5942
5953
5990
5998
6002
6017
6018
6022
6037
6038
6044
6048
6054
6075
6076
6085
6118
6128
6134
6145
6151
6158
6163
6165
6168
6174
6183
6195
6204
6209
6210
6214
6216
6217
6236
6237
6240
6258
6263
6268
6270
6291
6295
6297
6302
6307
6333
6360
6363
6373
6380
6381
6390
6398
6407
6408
6443
6454
6458
6461
6462
6474
6483
6485
6498
6508
6513
6517
6528
6531
6536
6542
6554
6576
6578
6584
6602
6609
6611
6612
6613
6633
6636
6638
6639
6649
6657
6672
6674
6689
6692
6695
6699
6704
6706
6711
6755
6760
6782
6792
6795
6798
6820
6827
6829
6837
6848
6851
6858
6872
6877
6878
6884
6888
6896
6899
6926
6932
6934
6944
6951
6961
6996
7006
7007
7016
7027
7049
7065
7067
7070
7081
7098
7101
7105
7111
7115
7122
7130
7134
7145
7188
7189
7193
7195
7199
7201
7207
7226
7239
7251
7253
7260
7264
7267
7278
7279
7282
7291
7294
7299
7303
7309
7318
7328
7351
7352
7357
7363
7368
7373
7376
7383
7394
7397
7400
7401
7403
7404
7409
7413
7417
7424
7434
7455
7461
7464
7466
7467
7474
7487
7508
7515
7518
7519
7521
7528
7546
7547
7560
7569
7570
7584
7587
7597
7611
7615
7617
7618
7624
7630
7639
7648
7651
7657
7666
7672
7680
7688
7696
7724
7744
7763
7786
7790
7791
7793
7799
7821
7822
7834
7857
7860
7881
7892
7902
7904
7912
7917
7922
7928
7937
7938
7945
7946
7949
7955
7967
7975
7979
7981
7988
8006
8009
8016
8017
8021
8024
8043
8047
8049
8051
8069
8075
8078
8079
8080
8088
8095
8101
8108
8120
8124
8143
8151
8152
8154
8161
8165
8170
8172
8174
8184
8186
8191
8199
8213
8220
8224
8228
8230
8240
8243
8247
8248
8258
8261
8276
8286
8289
8294
8297
8312
8328
8379
8392
8401
8426
8434
8437
8438
8449
8470
8474
8476
8479
8481
8482
8485
8487
8515
8522
8541
8545
8549
8550
8563
8567
8571
8574
8577
8582
8586
8594
8595
8606
8613
8615
8617
8618
8620
8621
8622
8626
8627
8645
8647
8650
8655
8663
8676
8677
8695
8701
8708
8710
8717
8725
8735
8757
8762
8767
8774
8779
8783
8784
8793
8806
8807
8814
8820
8835
8836
8842
8845
8864
8874
8886
8888
8897
8907
8912
8915
8923
8930
8937
8950
8953
8955
8956
8962
8964
8971
8975
8985
8995
8999
9008
9011
9028
9030
9043
9045
9066
9079
9088
9089
9092
9097
9100
9103
9124
9128
9148
9154
9155
9157
9159
9160
9161
9168
9177
9178
9183
9191
9201
9206
9217
9222
9225
9226
9234
9252
9256
9261
9266
9269
9270
9281
9286
9288
9289
9290
9292
9298
9311
9316
9317
9329
9335
9341
9353
9356
9358
9360
9361
9364
9378
9379
9381
9385
9391
9399
9413
9424
9428
9436
9437
9448
9461
9465
9473
9474
9477
9496
9501
9503
9512
9518
9519
9521
9527
9532
9533
9534
9547
9552
9558
9560
9593
9596
9602
9603
9608
9613
9626
9629
9636
9637
9648
9657
9658
9664
9670
9672
9697
9723
9744
9750
9753
9755
9756
9757
9768
9771
9773
9800
9803
9808
9816
9819
9820
9829
9848
9850
9857
9872
9873
9881
9883
9886
9887
9888
9895
9930
9956
9957
9968
9971
9973
9974
9977
9992
9993
